Cantidad_atributos,Atributos_usados,Mejor_n,Accuracy
3,"[9, 73, 74]",27,0.6942857142857143
3,"[482, 705, 771]",27,0.7
3,"[635, 647, 88]",22,0.675
3,"[666, 161, 173]",27,0.6414285714285715
3,"[663, 604, 129]",12,0.7810714285714285
3,"[190, 421, 258]",27,0.6107142857142858
3,"[149, 654, 767]",17,0.8521428571428571
3,"[127, 581, 745]",27,0.695
3,"[393, 155, 146]",27,0.6485714285714286
3,"[727, 670, 20]",7,0.5335714285714286
4,"[385, 380, 344, 570]",7,0.8189285714285715
4,"[99, 106, 209, 49]",12,0.6275
4,"[502, 280, 642, 80]",7,0.6796428571428571
4,"[572, 366, 664, 274]",22,0.6867857142857143
4,"[413, 761, 540, 23]",27,0.6410714285714286
4,"[512, 396, 607, 485]",17,0.6610714285714285
4,"[229, 184, 374, 33]",17,0.6096428571428572
4,"[470, 69, 754, 154]",27,0.6642857142857143
4,"[131, 23, 89, 7]",27,0.7082142857142857
4,"[606, 651, 767, 9]",27,0.7746428571428572
5,"[81, 198, 214, 17, 738]",27,0.7071428571428572
5,"[2, 237, 67, 592, 768]",27,0.7810714285714285
5,"[385, 139, 433, 276, 168]",27,0.6975
5,"[297, 179, 754, 397, 135]",12,0.7871428571428571
5,"[331, 535, 532, 527, 107]",17,0.7303571428571428
5,"[383, 581, 74, 86, 288]",27,0.7560714285714286
5,"[116, 739, 442, 496, 304]",27,0.79
5,"[657, 646, 229, 238, 682]",12,0.8114285714285714
5,"[604, 657, 674, 155, 160]",27,0.7982142857142858
5,"[372, 768, 262, 303, 214]",22,0.7610714285714286
8,"[620, 214, 424, 692, 617, 85, 683, 782]",22,0.7960714285714285
8,"[624, 512, 412, 335, 728, 687, 106, 529]",7,0.8221428571428572
8,"[154, 120, 442, 664, 291, 57, 224, 185]",22,0.7942857142857143
8,"[466, 406, 461, 419, 49, 777, 348, 277]",17,0.8539285714285715
8,"[153, 647, 60, 138, 500, 242, 514, 531]",17,0.755
8,"[670, 611, 471, 774, 516, 651, 61, 757]",17,0.805
8,"[645, 131, 78, 106, 186, 583, 539, 533]",12,0.7203571428571428
8,"[548, 707, 343, 761, 320, 758, 411, 722]",12,0.8489285714285715
8,"[427, 252, 202, 239, 262, 701, 82, 518]",22,0.8075
8,"[234, 783, 618, 40, 609, 414, 585, 415]",22,0.7910714285714285
10,"[494, 51, 418, 204, 227, 82, 294, 338, 6, 72]",17,0.8546428571428571
10,"[355, 637, 431, 130, 453, 111, 540, 363, 757, 100]",27,0.8117857142857143
10,"[479, 14, 725, 133, 114, 251, 681, 612, 493, 76]",7,0.86
10,"[518, 641, 411, 768, 160, 218, 503, 374, 226, 533]",27,0.8178571428571428
10,"[671, 191, 178, 535, 200, 46, 551, 495, 49, 217]",12,0.8385714285714285
10,"[93, 571, 508, 99, 527, 84, 638, 575, 12, 761]",12,0.8660714285714286
10,"[2, 585, 639, 632, 618, 579, 215, 646, 493, 754]",17,0.8125
10,"[56, 19, 261, 519, 686, 109, 754, 602, 444, 75]",12,0.8482142857142857
10,"[604, 475, 720, 445, 740, 78, 622, 139, 463, 769]",22,0.8407142857142857
10,"[719, 657, 501, 246, 438, 393, 217, 574, 761, 365]",27,0.8521428571428571
15,"[123, 561, 115, 516, 646, 338, 535, 512, 251, 207, 144, 658, 85, 582, 214]",12,0.8589285714285714
15,"[583, 730, 701, 334, 331, 657, 392, 97, 781, 75, 236, 214, 663, 697, 28]",12,0.8114285714285714
15,"[125, 551, 2, 491, 60, 411, 78, 319, 175, 467, 542, 665, 702, 698, 563]",12,0.8853571428571428
15,"[154, 763, 748, 77, 271, 597, 518, 679, 530, 130, 106, 693, 438, 540, 658]",12,0.8985714285714286
15,"[325, 160, 347, 10, 671, 395, 135, 690, 697, 279, 329, 617, 739, 13, 118]",12,0.8596428571428572
15,"[300, 288, 547, 272, 144, 400, 136, 766, 1, 455, 689, 382, 646, 529, 454]",12,0.8785714285714286
15,"[112, 621, 778, 309, 288, 315, 748, 389, 489, 774, 423, 231, 761, 467, 505]",7,0.8875
15,"[607, 155, 685, 724, 361, 534, 28, 189, 379, 471, 292, 17, 527, 557, 125]",27,0.8592857142857143
15,"[350, 118, 684, 40, 205, 669, 173, 648, 315, 419, 365, 433, 423, 653, 2]",17,0.9014285714285715
15,"[778, 158, 208, 538, 454, 109, 321, 281, 295, 72, 608, 703, 624, 377, 701]",12,0.8392857142857143
20,"[403, 107, 29, 571, 6, 660, 602, 450, 341, 64, 174, 711, 632, 413, 442, 196, 468, 618, 356, 431]",12,0.9078571428571428
20,"[23, 375, 712, 411, 325, 294, 660, 414, 606, 490, 626, 91, 462, 579, 385, 70, 760, 704, 463, 564]",12,0.9253571428571429
20,"[340, 126, 531, 307, 615, 773, 456, 318, 150, 82, 120, 230, 27, 41, 510, 417, 311, 227, 63, 602]",27,0.9039285714285714
20,"[416, 13, 496, 603, 557, 220, 155, 37, 713, 30, 49, 168, 748, 523, 9, 94, 500, 178, 60, 590]",12,0.9125
20,"[326, 29, 515, 409, 20, 518, 276, 441, 341, 197, 528, 199, 280, 204, 357, 364, 617, 742, 314, 85]",12,0.9078571428571428
20,"[485, 203, 14, 641, 25, 275, 371, 286, 527, 717, 412, 637, 45, 20, 96, 30, 504, 144, 256, 524]",12,0.9010714285714285
20,"[418, 233, 436, 623, 334, 147, 281, 315, 209, 146, 232, 598, 94, 357, 668, 222, 234, 351, 619, 415]",12,0.9253571428571429
20,"[80, 367, 516, 757, 762, 327, 9, 292, 772, 70, 280, 769, 363, 89, 322, 672, 366, 67, 137, 76]",12,0.8532142857142857
20,"[566, 102, 93, 705, 744, 98, 8, 268, 778, 347, 292, 692, 180, 190, 407, 318, 269, 532, 474, 267]",7,0.9035714285714286
20,"[435, 779, 328, 578, 246, 104, 534, 23, 735, 8, 502, 516, 141, 715, 439, 58, 532, 524, 241, 559]",12,0.8907142857142857
